{
  "data": [
    {
      "colorbar": {
        "title": {
          "text": "Correlation Coefficient"
        }
      },
      "colorscale": [
        [
          0.0,
          "#440154"
        ],
        [
          0.1111111111111111,
          "#482878"
        ],
        [
          0.2222222222222222,
          "#3e4989"
        ],
        [
          0.3333333333333333,
          "#31688e"
        ],
        [
          0.4444444444444444,
          "#26828e"
        ],
        [
          0.5555555555555556,
          "#1f9e89"
        ],
        [
          0.6666666666666666,
          "#35b779"
        ],
        [
          0.7777777777777778,
          "#6ece58"
        ],
        [
          0.8888888888888888,
          "#b5de2b"
        ],
        [
          1.0,
          "#fde725"
        ]
      ],
      "x": [
        "Stock_Level",
        "Safety_Stock_Level",
        "Maximum_Stock_Threshold",
        "Critical_Stock_Level",
        "Reorder_Level",
        "Turnover_Rate",
        "Seasonal_Demand_Forecast",
        "Forecasted_Demand",
        "Stock_Aging_(Days)",
        "Current_Market_Price",
        "Inventory_Quantity",
        "Inventory_Value",
        "Depreciation_Adjustment",
        "COGS_Amount",
        "Gross_Profit",
        "Gross_Profit_Margin (%)",
        "Profit_Margin_by_Category_(%)",
        "ROII_(%)"
      ],
      "y": [
        "Stock_Level",
        "Safety_Stock_Level",
        "Maximum_Stock_Threshold",
        "Critical_Stock_Level",
        "Reorder_Level",
        "Turnover_Rate",
        "Seasonal_Demand_Forecast",
        "Forecasted_Demand",
        "Stock_Aging_(Days)",
        "Current_Market_Price",
        "Inventory_Quantity",
        "Inventory_Value",
        "Depreciation_Adjustment",
        "COGS_Amount",
        "Gross_Profit",
        "Gross_Profit_Margin (%)",
        "Profit_Margin_by_Category_(%)",
        "ROII_(%)"
      ],
      "z": [
        [
          1.0,
          0.9825270444533143,
          0.9674488423019922,
          0.8160582205297252,
          0.9538180481191054,
          -0.11339501179510877,
          0.4517433467199167,
          0.48421513659961857,
          -0.6372799662885114,
          -0.35220975393001713,
          1.0,
          0.4022261139150101,
          -0.32317234923549437,
          0.5037028332684237,
          0.362298488341827,
          0.16035409577540014,
          0.27940128356069965,
          -0.22811013936612448
        ],
        [
          0.9825270444533143,
          1.0,
          0.9426702442237461,
          0.8256739572772565,
          0.966584018605119,
          -0.15811388300841903,
          0.4430961095423983,
          0.48074649225463034,
          -0.6324555320336757,
          -0.40218880399513984,
          0.9825270444533143,
          0.3406827757053284,
          -0.3264046680231009,
          0.48724469974544216,
          0.2957992646211234,
          0.1222892727672816,
          0.1889166856879613,
          -0.25760327444465525
        ],
        [
          0.9674488423019922,
          0.9426702442237461,
          1.0,
          0.8623651554009059,
          0.9315984837269283,
          -0.03323868311623838,
          0.5562497563400339,
          0.583212208055386,
          -0.5933979638435822,
          -0.22852967343427882,
          0.9674488423019922,
          0.4812959260028987,
          -0.2801850766048033,
          0.6305657110244413,
          0.4015869149527617,
          0.14036666043938142,
          0.39991354405877333,
          -0.10114163991161279
        ],
        [
          0.8160582205297252,
          0.8256739572772565,
          0.8623651554009059,
          1.0,
          0.8235355512771813,
          0.05439604811834768,
          0.6687465585614396,
          0.7178971402938371,
          -0.4743335395919918,
          -0.15881094727631853,
          0.8160582205297252,
          0.5695561961157818,
          -0.27220719027917234,
          0.7798635960171788,
          0.4562082910283182,
          0.09402492444374304,
          0.38748479718238493,
          0.036187914707974146
        ],
        [
          0.9538180481191054,
          0.966584018605119,
          0.9315984837269283,
          0.8235355512771813,
          1.0,
          -0.1847001889623792,
          0.41020207702037337,
          0.4591235843594025,
          -0.6200131833403787,
          -0.3798820116344409,
          0.9538180481191054,
          0.3397030420316796,
          -0.28977371521828893,
          0.5179399723225555,
          0.2750518846346622,
          0.09711646142828163,
          0.17640330383626798,
          -0.25584618222035277
        ],
        [
          -0.11339501179510877,
          -0.15811388300841903,
          -0.03323868311623838,
          0.05439604811834768,
          -0.1847001889623792,
          1.0,
          0.5470410748305926,
          0.5273914487181163,
          0.08571428571428572,
          0.508022546972751,
          -0.11339501179510873,
          0.5153839436379634,
          -0.03822896999496768,
          0.36883601920658116,
          0.4040034579094722,
          -0.010070641545578464,
          0.2817317171993159,
          0.0113140705550355
        ],
        [
          0.4517433467199167,
          0.4430961095423983,
          0.5562497563400339,
          0.6687465585614396,
          0.41020207702037337,
          0.5470410748305926,
          1.0,
          0.9850228360250799,
          -0.028791635517399546,
          0.3162320980547454,
          0.4517433467199168,
          0.7316172452293156,
          -0.255539946071483,
          0.8740158486107721,
          0.5900132337287243,
          0.12678557529673262,
          0.48320534299017254,
          0.3420381254206617
        ],
        [
          0.48421513659961857,
          0.48074649225463034,
          0.583212208055386,
          0.7178971402938371,
          0.4591235843594025,
          0.5273914487181163,
          0.9850228360250799,
          1.0,
          -0.07515861941246027,
          0.26320857832943756,
          0.48421513659961846,
          0.728683238760582,
          -0.288833742377364,
          0.8817185207105506,
          0.5884242087051146,
          0.13043976062739956,
          0.4969311952844902,
          0.33719273361258945
        ],
        [
          -0.6372799662885114,
          -0.6324555320336757,
          -0.5933979638435822,
          -0.4743335395919918,
          -0.6200131833403787,
          0.08571428571428572,
          -0.028791635517399546,
          -0.07515861941246027,
          1.0,
          0.7552838705343135,
          -0.6372799662885114,
          0.13291329366324273,
          0.5734345499245157,
          0.05387775297625143,
          0.16783737920649294,
          0.2610310288613933,
          -0.017650661800439033,
          0.5204472455316337
        ],
        [
          -0.35220975393001713,
          -0.40218880399513984,
          -0.22852967343427882,
          -0.15881094727631853,
          -0.3798820116344409,
          0.508022546972751,
          0.3162320980547454,
          0.26320857832943756,
          0.7552838705343135,
          1.0,
          -0.352209753930017,
          0.6140645510534436,
          0.663104230958781,
          0.4272789813203746,
          0.5240203986456378,
          0.26120797745942986,
          0.3039665269798418,
          0.5137651550983314
        ],
        [
          1.0,
          0.9825270444533143,
          0.9674488423019922,
          0.8160582205297252,
          0.9538180481191054,
          -0.11339501179510873,
          0.4517433467199168,
          0.48421513659961846,
          -0.6372799662885114,
          -0.352209753930017,
          1.0,
          0.4022261139150101,
          -0.32317234923549437,
          0.5037028332684237,
          0.362298488341827,
          0.16035409577540014,
          0.27940128356069965,
          -0.22811013936612448
        ],
        [
          0.4022261139150101,
          0.3406827757053284,
          0.4812959260028987,
          0.5695561961157818,
          0.3397030420316796,
          0.5153839436379634,
          0.7316172452293156,
          0.728683238760582,
          0.13291329366324273,
          0.6140645510534436,
          0.4022261139150101,
          1.0,
          0.18372424754340425,
          0.8486434410403103,
          0.924046744227397,
          0.48083918310293106,
          0.6493680101434274,
          0.388325247357133
        ],
        [
          -0.32317234923549437,
          -0.3264046680231009,
          -0.2801850766048033,
          -0.27220719027917234,
          -0.28977371521828893,
          -0.03822896999496768,
          -0.255539946071483,
          -0.288833742377364,
          0.5734345499245157,
          0.663104230958781,
          -0.32317234923549437,
          0.18372424754340425,
          1.0,
          0.02846512214109514,
          0.11556231829215557,
          0.02775779727561919,
          -0.17758040768520789,
          0.18468828762953374
        ],
        [
          0.5037028332684237,
          0.48724469974544216,
          0.6305657110244413,
          0.7798635960171788,
          0.5179399723225555,
          0.36883601920658116,
          0.8740158486107721,
          0.8817185207105506,
          0.05387775297625143,
          0.4272789813203746,
          0.5037028332684237,
          0.8486434410403103,
          0.02846512214109514,
          1.0,
          0.7286754791888558,
          0.2871813530027315,
          0.5657541409368658,
          0.418927313324059
        ],
        [
          0.362298488341827,
          0.2957992646211234,
          0.4015869149527617,
          0.4562082910283182,
          0.2750518846346622,
          0.4040034579094722,
          0.5900132337287243,
          0.5884242087051146,
          0.16783737920649294,
          0.5240203986456378,
          0.362298488341827,
          0.924046744227397,
          0.11556231829215557,
          0.7286754791888558,
          1.0,
          0.7522681196670352,
          0.7424290720018168,
          0.41112106688546074
        ],
        [
          0.16035409577540014,
          0.1222892727672816,
          0.14036666043938142,
          0.09402492444374304,
          0.09711646142828163,
          -0.010070641545578464,
          0.12678557529673262,
          0.13043976062739956,
          0.2610310288613933,
          0.26120797745942986,
          0.16035409577540014,
          0.48083918310293106,
          0.02775779727561919,
          0.2871813530027315,
          0.7522681196670352,
          1.0,
          0.6286935771600209,
          0.3353024818617178
        ],
        [
          0.27940128356069965,
          0.1889166856879613,
          0.39991354405877333,
          0.38748479718238493,
          0.17640330383626798,
          0.2817317171993159,
          0.48320534299017254,
          0.4969311952844902,
          -0.017650661800439033,
          0.3039665269798418,
          0.27940128356069965,
          0.6493680101434274,
          -0.17758040768520789,
          0.5657541409368658,
          0.7424290720018168,
          0.6286935771600209,
          1.0,
          0.44356627319421055
        ],
        [
          -0.22811013936612448,
          -0.25760327444465525,
          -0.10114163991161279,
          0.036187914707974146,
          -0.25584618222035277,
          0.0113140705550355,
          0.3420381254206617,
          0.33719273361258945,
          0.5204472455316337,
          0.5137651550983314,
          -0.22811013936612448,
          0.388325247357133,
          0.18468828762953374,
          0.418927313324059,
          0.41112106688546074,
          0.3353024818617178,
          0.44356627319421055,
          1.0
        ]
      ],
      "type": "heatmap"
    }
  ],
  "layout": {
    "template": {
      "data": {
        "histogram2dcontour": [
          {
            "type": "histogram2dcontour",
            "colorbar": {
              "outlinewidth": 0,
              "ticks": ""
            },
            "colorscale": [
              [
                0.0,
                "#0d0887"
              ],
              [
                0.1111111111111111,
                "#46039f"
              ],
              [
                0.2222222222222222,
                "#7201a8"
              ],
              [
                0.3333333333333333,
                "#9c179e"
              ],
              [
                0.4444444444444444,
                "#bd3786"
              ],
              [
                0.5555555555555556,
                "#d8576b"
              ],
              [
                0.6666666666666666,
                "#ed7953"
              ],
              [
                0.7777777777777778,
                "#fb9f3a"
              ],
              [
                0.8888888888888888,
                "#fdca26"
              ],
              [
                1.0,
                "#f0f921"
              ]
            ]
          }
        ],
        "choropleth": [
          {
            "type": "choropleth",
            "colorbar": {
              "outlinewidth": 0,
              "ticks": ""
            }
          }
        ],
        "histogram2d": [
          {
            "type": "histogram2d",
            "colorbar": {
              "outlinewidth": 0,
              "ticks": ""
            },
            "colorscale": [
              [
                0.0,
                "#0d0887"
              ],
              [
                0.1111111111111111,
                "#46039f"
              ],
              [
                0.2222222222222222,
                "#7201a8"
              ],
              [
                0.3333333333333333,
                "#9c179e"
              ],
              [
                0.4444444444444444,
                "#bd3786"
              ],
              [
                0.5555555555555556,
                "#d8576b"
              ],
              [
                0.6666666666666666,
                "#ed7953"
              ],
              [
                0.7777777777777778,
                "#fb9f3a"
              ],
              [
                0.8888888888888888,
                "#fdca26"
              ],
              [
                1.0,
                "#f0f921"
              ]
            ]
          }
        ],
        "heatmap": [
          {
            "type": "heatmap",
            "colorbar": {
              "outlinewidth": 0,
              "ticks": ""
            },
            "colorscale": [
              [
                0.0,
                "#0d0887"
              ],
              [
                0.1111111111111111,
                "#46039f"
              ],
              [
                0.2222222222222222,
                "#7201a8"
              ],
              [
                0.3333333333333333,
                "#9c179e"
              ],
              [
                0.4444444444444444,
                "#bd3786"
              ],
              [
                0.5555555555555556,
                "#d8576b"
              ],
              [
                0.6666666666666666,
                "#ed7953"
              ],
              [
                0.7777777777777778,
                "#fb9f3a"
              ],
              [
                0.8888888888888888,
                "#fdca26"
              ],
              [
                1.0,
                "#f0f921"
              ]
            ]
          }
        ],
        "heatmapgl": [
          {
            "type": "heatmapgl",
            "colorbar": {
              "outlinewidth": 0,
              "ticks": ""
            },
            "colorscale": [
              [
                0.0,
                "#0d0887"
              ],
              [
                0.1111111111111111,
                "#46039f"
              ],
              [
                0.2222222222222222,
                "#7201a8"
              ],
              [
                0.3333333333333333,
                "#9c179e"
              ],
              [
                0.4444444444444444,
                "#bd3786"
              ],
              [
                0.5555555555555556,
                "#d8576b"
              ],
              [
                0.6666666666666666,
                "#ed7953"
              ],
              [
                0.7777777777777778,
                "#fb9f3a"
              ],
              [
                0.8888888888888888,
                "#fdca26"
              ],
              [
                1.0,
                "#f0f921"
              ]
            ]
          }
        ],
        "contourcarpet": [
          {
            "type": "contourcarpet",
            "colorbar": {
              "outlinewidth": 0,
              "ticks": ""
            }
          }
        ],
        "contour": [
          {
            "type": "contour",
            "colorbar": {
              "outlinewidth": 0,
              "ticks": ""
            },
            "colorscale": [
              [
                0.0,
                "#0d0887"
              ],
              [
                0.1111111111111111,
                "#46039f"
              ],
              [
                0.2222222222222222,
                "#7201a8"
              ],
              [
                0.3333333333333333,
                "#9c179e"
              ],
              [
                0.4444444444444444,
                "#bd3786"
              ],
              [
                0.5555555555555556,
                "#d8576b"
              ],
              [
                0.6666666666666666,
                "#ed7953"
              ],
              [
                0.7777777777777778,
                "#fb9f3a"
              ],
              [
                0.8888888888888888,
                "#fdca26"
              ],
              [
                1.0,
                "#f0f921"
              ]
            ]
          }
        ],
        "surface": [
          {
            "type": "surface",
            "colorbar": {
              "outlinewidth": 0,
              "ticks": ""
            },
            "colorscale": [
              [
                0.0,
                "#0d0887"
              ],
              [
                0.1111111111111111,
                "#46039f"
              ],
              [
                0.2222222222222222,
                "#7201a8"
              ],
              [
                0.3333333333333333,
                "#9c179e"
              ],
              [
                0.4444444444444444,
                "#bd3786"
              ],
              [
                0.5555555555555556,
                "#d8576b"
              ],
              [
                0.6666666666666666,
                "#ed7953"
              ],
              [
                0.7777777777777778,
                "#fb9f3a"
              ],
              [
                0.8888888888888888,
                "#fdca26"
              ],
              [
                1.0,
                "#f0f921"
              ]
            ]
          }
        ],
        "mesh3d": [
          {
            "type": "mesh3d",
            "colorbar": {
              "outlinewidth": 0,
              "ticks": ""
            }
          }
        ],
        "scatter": [
          {
            "fillpattern": {
              "fillmode": "overlay",
              "size": 10,
              "solidity": 0.2
            },
            "type": "scatter"
          }
        ],
        "parcoords": [
          {
            "type": "parcoords",
            "line": {
              "colorbar": {
                "outlinewidth": 0,
                "ticks": ""
              }
            }
          }
        ],
        "scatterpolargl": [
          {
            "type": "scatterpolargl",
            "marker": {
              "colorbar": {
                "outlinewidth": 0,
                "ticks": ""
              }
            }
          }
        ],
        "bar": [
          {
            "error_x": {
              "color": "#2a3f5f"
            },
            "error_y": {
              "color": "#2a3f5f"
            },
            "marker": {
              "line": {
                "color": "#E5ECF6",
                "width": 0.5
              },
              "pattern": {
                "fillmode": "overlay",
                "size": 10,
                "solidity": 0.2
              }
            },
            "type": "bar"
          }
        ],
        "scattergeo": [
          {
            "type": "scattergeo",
            "marker": {
              "colorbar": {
                "outlinewidth": 0,
                "ticks": ""
              }
            }
          }
        ],
        "scatterpolar": [
          {
            "type": "scatterpolar",
            "marker": {
              "colorbar": {
                "outlinewidth": 0,
                "ticks": ""
              }
            }
          }
        ],
        "histogram": [
          {
            "marker": {
              "pattern": {
                "fillmode": "overlay",
                "size": 10,
                "solidity": 0.2
              }
            },
            "type": "histogram"
          }
        ],
        "scattergl": [
          {
            "type": "scattergl",
            "marker": {
              "colorbar": {
                "outlinewidth": 0,
                "ticks": ""
              }
            }
          }
        ],
        "scatter3d": [
          {
            "type": "scatter3d",
            "line": {
              "colorbar": {
                "outlinewidth": 0,
                "ticks": ""
              }
            },
            "marker": {
              "colorbar": {
                "outlinewidth": 0,
                "ticks": ""
              }
            }
          }
        ],
        "scattermapbox": [
          {
            "type": "scattermapbox",
            "marker": {
              "colorbar": {
                "outlinewidth": 0,
                "ticks": ""
              }
            }
          }
        ],
        "scatterternary": [
          {
            "type": "scatterternary",
            "marker": {
              "colorbar": {
                "outlinewidth": 0,
                "ticks": ""
              }
            }
          }
        ],
        "scattercarpet": [
          {
            "type": "scattercarpet",
            "marker": {
              "colorbar": {
                "outlinewidth": 0,
                "ticks": ""
              }
            }
          }
        ],
        "carpet": [
          {
            "aaxis": {
              "endlinecolor": "#2a3f5f",
              "gridcolor": "white",
              "linecolor": "white",
              "minorgridcolor": "white",
              "startlinecolor": "#2a3f5f"
            },
            "baxis": {
              "endlinecolor": "#2a3f5f",
              "gridcolor": "white",
              "linecolor": "white",
              "minorgridcolor": "white",
              "startlinecolor": "#2a3f5f"
            },
            "type": "carpet"
          }
        ],
        "table": [
          {
            "cells": {
              "fill": {
                "color": "#EBF0F8"
              },
              "line": {
                "color": "white"
              }
            },
            "header": {
              "fill": {
                "color": "#C8D4E3"
              },
              "line": {
                "color": "white"
              }
            },
            "type": "table"
          }
        ],
        "barpolar": [
          {
            "marker": {
              "line": {
                "color": "#E5ECF6",
                "width": 0.5
              },
              "pattern": {
                "fillmode": "overlay",
                "size": 10,
                "solidity": 0.2
              }
            },
            "type": "barpolar"
          }
        ],
        "pie": [
          {
            "automargin": true,
            "type": "pie"
          }
        ]
      },
      "layout": {
        "autotypenumbers": "strict",
        "colorway": [
          "#636efa",
          "#EF553B",
          "#00cc96",
          "#ab63fa",
          "#FFA15A",
          "#19d3f3",
          "#FF6692",
          "#B6E880",
          "#FF97FF",
          "#FECB52"
        ],
        "font": {
          "color": "#2a3f5f"
        },
        "hovermode": "closest",
        "hoverlabel": {
          "align": "left"
        },
        "paper_bgcolor": "white",
        "plot_bgcolor": "#E5ECF6",
        "polar": {
          "bgcolor": "#E5ECF6",
          "angularaxis": {
            "gridcolor": "white",
            "linecolor": "white",
            "ticks": ""
          },
          "radialaxis": {
            "gridcolor": "white",
            "linecolor": "white",
            "ticks": ""
          }
        },
        "ternary": {
          "bgcolor": "#E5ECF6",
          "aaxis": {
            "gridcolor": "white",
            "linecolor": "white",
            "ticks": ""
          },
          "baxis": {
            "gridcolor": "white",
            "linecolor": "white",
            "ticks": ""
          },
          "caxis": {
            "gridcolor": "white",
            "linecolor": "white",
            "ticks": ""
          }
        },
        "coloraxis": {
          "colorbar": {
            "outlinewidth": 0,
            "ticks": ""
          }
        },
        "colorscale": {
          "sequential": [
            [
              0.0,
              "#0d0887"
            ],
            [
              0.1111111111111111,
              "#46039f"
            ],
            [
              0.2222222222222222,
              "#7201a8"
            ],
            [
              0.3333333333333333,
              "#9c179e"
            ],
            [
              0.4444444444444444,
              "#bd3786"
            ],
            [
              0.5555555555555556,
              "#d8576b"
            ],
            [
              0.6666666666666666,
              "#ed7953"
            ],
            [
              0.7777777777777778,
              "#fb9f3a"
            ],
            [
              0.8888888888888888,
              "#fdca26"
            ],
            [
              1.0,
              "#f0f921"
            ]
          ],
          "sequentialminus": [
            [
              0.0,
              "#0d0887"
            ],
            [
              0.1111111111111111,
              "#46039f"
            ],
            [
              0.2222222222222222,
              "#7201a8"
            ],
            [
              0.3333333333333333,
              "#9c179e"
            ],
            [
              0.4444444444444444,
              "#bd3786"
            ],
            [
              0.5555555555555556,
              "#d8576b"
            ],
            [
              0.6666666666666666,
              "#ed7953"
            ],
            [
              0.7777777777777778,
              "#fb9f3a"
            ],
            [
              0.8888888888888888,
              "#fdca26"
            ],
            [
              1.0,
              "#f0f921"
            ]
          ],
          "diverging": [
            [
              0,
              "#8e0152"
            ],
            [
              0.1,
              "#c51b7d"
            ],
            [
              0.2,
              "#de77ae"
            ],
            [
              0.3,
              "#f1b6da"
            ],
            [
              0.4,
              "#fde0ef"
            ],
            [
              0.5,
              "#f7f7f7"
            ],
            [
              0.6,
              "#e6f5d0"
            ],
            [
              0.7,
              "#b8e186"
            ],
            [
              0.8,
              "#7fbc41"
            ],
            [
              0.9,
              "#4d9221"
            ],
            [
              1,
              "#276419"
            ]
          ]
        },
        "xaxis": {
          "gridcolor": "white",
          "linecolor": "white",
          "ticks": "",
          "title": {
            "standoff": 15
          },
          "zerolinecolor": "white",
          "automargin": true,
          "zerolinewidth": 2
        },
        "yaxis": {
          "gridcolor": "white",
          "linecolor": "white",
          "ticks": "",
          "title": {
            "standoff": 15
          },
          "zerolinecolor": "white",
          "automargin": true,
          "zerolinewidth": 2
        },
        "scene": {
          "xaxis": {
            "backgroundcolor": "#E5ECF6",
            "gridcolor": "white",
            "linecolor": "white",
            "showbackground": true,
            "ticks": "",
            "zerolinecolor": "white",
            "gridwidth": 2
          },
          "yaxis": {
            "backgroundcolor": "#E5ECF6",
            "gridcolor": "white",
            "linecolor": "white",
            "showbackground": true,
            "ticks": "",
            "zerolinecolor": "white",
            "gridwidth": 2
          },
          "zaxis": {
            "backgroundcolor": "#E5ECF6",
            "gridcolor": "white",
            "linecolor": "white",
            "showbackground": true,
            "ticks": "",
            "zerolinecolor": "white",
            "gridwidth": 2
          }
        },
        "shapedefaults": {
          "line": {
            "color": "#2a3f5f"
          }
        },
        "annotationdefaults": {
          "arrowcolor": "#2a3f5f",
          "arrowhead": 0,
          "arrowwidth": 1
        },
        "geo": {
          "bgcolor": "white",
          "landcolor": "#E5ECF6",
          "subunitcolor": "white",
          "showland": true,
          "showlakes": true,
          "lakecolor": "white"
        },
        "title": {
          "x": 0.05
        },
        "mapbox": {
          "style": "light"
        }
      }
    },
    "xaxis": {
      "title": {
        "text": "Features"
      },
      "tickmode": "array",
      "tickvals": [
        0,
        1,
        2,
        3,
        4,
        5,
        6,
        7,
        8,
        9,
        10,
        11,
        12,
        13,
        14,
        15,
        16,
        17
      ],
      "ticktext": [
        "Stock_Level",
        "Safety_Stock_Level",
        "Maximum_Stock_Threshold",
        "Critical_Stock_Level",
        "Reorder_Level",
        "Turnover_Rate",
        "Seasonal_Demand_Forecast",
        "Forecasted_Demand",
        "Stock_Aging_(Days)",
        "Current_Market_Price",
        "Inventory_Quantity",
        "Inventory_Value",
        "Depreciation_Adjustment",
        "COGS_Amount",
        "Gross_Profit",
        "Gross_Profit_Margin (%)",
        "Profit_Margin_by_Category_(%)",
        "ROII_(%)"
      ]
    },
    "yaxis": {
      "title": {
        "text": "Features"
      },
      "tickmode": "array",
      "tickvals": [
        0,
        1,
        2,
        3,
        4,
        5,
        6,
        7,
        8,
        9,
        10,
        11,
        12,
        13,
        14,
        15,
        16,
        17
      ],
      "ticktext": [
        "Stock_Level",
        "Safety_Stock_Level",
        "Maximum_Stock_Threshold",
        "Critical_Stock_Level",
        "Reorder_Level",
        "Turnover_Rate",
        "Seasonal_Demand_Forecast",
        "Forecasted_Demand",
        "Stock_Aging_(Days)",
        "Current_Market_Price",
        "Inventory_Quantity",
        "Inventory_Value",
        "Depreciation_Adjustment",
        "COGS_Amount",
        "Gross_Profit",
        "Gross_Profit_Margin (%)",
        "Profit_Margin_by_Category_(%)",
        "ROII_(%)"
      ]
    },
    "title": {
      "text": "Correlation Matrix Heatmap (Numeric Columns Only)"
    }
  }
}